
#KeplerID	Period	Rp/Rstar
002140360      27.00     0.03
002140389       3.00     0.04
002140424      27.00     0.03
002140446      81.00     0.03
002140491     243.00     0.03
002140493       9.00     0.03
002140538     243.00     0.01
002140552       9.00     0.02
002140561      81.00     0.03
002140601     243.00     0.03
002140621       9.00     0.03
002140642       3.00     0.03
002140644      81.00     0.04
002140651       3.00     0.04
002140686       9.00     0.04
002140780       3.00     0.03
002140782       3.00     0.01
002140807      81.00     0.04
002140841     243.00     0.01
002140862      81.00     0.01
002140897      27.00     0.02
002140909       9.00     0.04
002140937       3.00     0.03
002140955       3.00     0.04
002140982     243.00     0.03
002141003       9.00     0.01
002141150       3.00     0.03
002141152     243.00     0.03
002141175     243.00     0.02
002141179      27.00     0.01
002141193      81.00     0.01
002141255      27.00     0.04
002141318       3.00     0.02
002141339       3.00     0.03
002141385      27.00     0.04
002141387     243.00     0.04
002141401       3.00     0.04
002141413       9.00     0.04
002141436       3.00     0.04
002141466      81.00     0.04
002141544       9.00     0.03
002141652      27.00     0.01
002141655       3.00     0.02
002141658      27.00     0.01
002141692      81.00     0.04
002141697       3.00     0.04
002141736      81.00     0.04
002141746     243.00     0.04
002141753      81.00     0.03
002141781       9.00     0.03
002141783       3.00     0.04
#KeplerID	Period	 Rp/Rstar
002141787      81.00     0.02
002141812      81.00     0.04
002141852       9.00     0.04
002141865       3.00     0.01
002141927      81.00     0.02
002141928      81.00     0.01
002141932      81.00     0.03
002141938     243.00     0.04
002141950     243.00     0.04
002141959     243.00     0.03
002142026     243.00     0.04
002142052     243.00     0.03
002142070     243.00     0.03
002142074      27.00     0.04
002142080      27.00     0.03
002142091      81.00     0.02
002142095     243.00     0.03
002142111     243.00     0.02
002142183       9.00     0.04
002142186      81.00     0.04
002142191       9.00     0.04
002142244      81.00     0.03
002142272      27.00     0.03
002142279       9.00     0.04
002142280      27.00     0.03
002142372     243.00     0.04
002142405       9.00     0.04
002142433      81.00     0.01
002142451      81.00     0.02
002142490      27.00     0.04
002142501      27.00     0.02
002142508     243.00     0.04
002142522      27.00     0.04
002142575     243.00     0.04
002142628      81.00     0.01
002142633     243.00     0.01
002142657     243.00     0.03
002142663      27.00     0.01
002142669      27.00     0.02
002142675       3.00     0.01
002142730     243.00     0.04
002142733      27.00     0.01
002142778      81.00     0.02
002142913     243.00     0.02
002154965      27.00     0.04
002154980      81.00     0.04
002155012     243.00     0.02
002155064     243.00     0.03
002155080      81.00     0.01
002155148      81.00     0.04
002155156      81.00     0.04
002155220      81.00     0.03
002155278       3.00     0.04
002155343       9.00     0.02
002155467      27.00     0.03
002155506      81.00     0.04
002155869       9.00     0.04
002156061      27.00     0.01
002156069      81.00     0.01
002156072      81.00     0.01
002156074      27.00     0.01
002156089      81.00     0.03
002156121     243.00     0.01
002156123      27.00     0.01
002156155       9.00     0.03
002156178     243.00     0.02
002156245      27.00     0.04
002156343       3.00     0.03
002156404     243.00     0.02
002156425      81.00     0.04
002156435     243.00     0.02
002156488      81.00     0.04
002156490       9.00     0.03
002156514       9.00     0.02
002156529       9.00     0.04
002156537      81.00     0.01
002156545       9.00     0.01
002156550      27.00     0.01
002156581       9.00     0.03
002156669      81.00     0.02
002156685      81.00     0.01
002156693      27.00     0.04
002156718       3.00     0.02
002156720      27.00     0.01
002156733      81.00     0.03
002156757       9.00     0.02
002156782       3.00     0.01
002156807     243.00     0.01
002156809      81.00     0.02
002156839      81.00     0.04
002156848     243.00     0.04
002156879      81.00     0.04
002156906     243.00     0.04
002156933      81.00     0.01
002156939       3.00     0.04
002156965       9.00     0.01
002156988      27.00     0.04
002156992       9.00     0.02
002156998     243.00     0.04
002157008       3.00     0.03
002157024       3.00     0.02
002157059     243.00     0.02
002157135       9.00     0.04
002157184     243.00     0.03
002157192      27.00     0.04
002157208       9.00     0.03
002157213       9.00     0.03
002157247      27.00     0.02
002157290      81.00     0.03
002157305     243.00     0.03
002157356       3.00     0.04
002157418       3.00     0.04
002157428      81.00     0.01
002157489     243.00     0.04
002157495       9.00     0.04
002157508       3.00     0.04
002157519       9.00     0.04
002157524     243.00     0.01
002157526       3.00     0.03
002157600       9.00     0.04
002157602       3.00     0.03
002157630       9.00     0.01
002157650       3.00     0.03
002157676       3.00     0.04
002157725       3.00     0.03
002157759       9.00     0.01
002157776       3.00     0.02
002157788       9.00     0.02
002157841      27.00     0.03
002157901       9.00     0.03
002157905       9.00     0.03
002157928       9.00     0.01
002157948      81.00     0.02
002157949      27.00     0.04
002157953     243.00     0.02
002157964       9.00     0.04
002157979      81.00     0.03
002157986     243.00     0.02
002158027      81.00     0.03
002158047       3.00     0.01
002158059       9.00     0.02
002158067      81.00     0.02
002158076     243.00     0.03
002158190      27.00     0.01
002158208      81.00     0.04
002158221      27.00     0.03
002158237      27.00     0.04
002158238      81.00     0.03
002158278      81.00     0.03
002158336       9.00     0.01
002158352     243.00     0.04
002158410      81.00     0.01
002158433       9.00     0.01
002158460       9.00     0.03
002158534      81.00     0.02
002158543     243.00     0.03
002158548      27.00     0.03
002158566       3.00     0.03
002158641       3.00     0.04
002158750      81.00     0.04
002158770     243.00     0.01
002158781      81.00     0.04
002158815       9.00     0.01
002158850     243.00     0.01
002158868       3.00     0.04
002158882      81.00     0.02
002158923       9.00     0.01
002159018       3.00     0.03
002159033     243.00     0.03
002159073     243.00     0.04
002159129     243.00     0.04
002159132       3.00     0.04
002159257       3.00     0.03
002159290     243.00     0.03
002159320     243.00     0.04
002159370     243.00     0.02
002159377       3.00     0.02
002159447     243.00     0.01
002159449       3.00     0.01
002159486      81.00     0.02
002159499      81.00     0.04
002159674      81.00     0.02
002159700       9.00     0.02
002159713       3.00     0.02
002159728      81.00     0.04
002159751      81.00     0.02
002159783      81.00     0.03
002159823       3.00     0.03
002159834       3.00     0.02
002159842     243.00     0.02
002159852       9.00     0.04
002159864      27.00     0.04
002160105       9.00     0.03
002160161      81.00     0.02
002160275     243.00     0.02
002160289      81.00     0.02
002160553       9.00     0.03
002160572      27.00     0.04
002160685       3.00     0.04
002160771     243.00     0.01
002160779     243.00     0.03
002160809     243.00     0.03
002160839      81.00     0.04
002160857       9.00     0.01
002160901      27.00     0.03
002160910      27.00     0.03
002160919       3.00     0.01
002161017      81.00     0.03
002161064       3.00     0.03
002161177       9.00     0.04
002161250      27.00     0.04
002161283       3.00     0.01
002161393       9.00     0.03
002161400      27.00     0.04
002161407       9.00     0.04
002161409      81.00     0.02
002161463       3.00     0.03
002161515       3.00     0.02
002161532       9.00     0.03
002161536     243.00     0.04
002161569       3.00     0.04
002161623     243.00     0.02
002161648     243.00     0.04
002161731     243.00     0.03
002161831     243.00     0.01
002161864       9.00     0.03
002161949     243.00     0.02
002161974       9.00     0.04
002161984       9.00     0.03
002162064       3.00     0.04
002162070      27.00     0.01
002162073     243.00     0.02
002162103       3.00     0.03
002162142       9.00     0.03
002162160      27.00     0.04
002162241       3.00     0.03
002162268       3.00     0.03
002162283      81.00     0.01
002162333      27.00     0.03
002162355       3.00     0.03
002162377       9.00     0.04
002162435       3.00     0.03
002162486       9.00     0.01
002162543      81.00     0.04
002162635      81.00     0.03
002162673      81.00     0.01
002162721      27.00     0.02
002162904     243.00     0.04
002162907      27.00     0.04
002162994      81.00     0.03
002163052       9.00     0.03
002163101      81.00     0.04
002163121     243.00     0.04
002163201       9.00     0.03
002163223       3.00     0.04
002163226       3.00     0.01
002163301      81.00     0.03
002163326      81.00     0.04
002163351      27.00     0.01
002163434      81.00     0.02
002163444      81.00     0.04
002163457     243.00     0.03
002163489       9.00     0.03
002163554      27.00     0.03
002163597       9.00     0.01
002163605       3.00     0.04
002163610       3.00     0.01
002163612       3.00     0.01
002163634       9.00     0.02
002163636      27.00     0.04
002163644      81.00     0.02
002163666     243.00     0.04
002163706      27.00     0.04
002163708      81.00     0.02
002163798       9.00     0.04
002163808       3.00     0.02
002163829     243.00     0.02
002163856       3.00     0.03
002163875       9.00     0.03
002163894       9.00     0.03
002163896      81.00     0.03
002163926       9.00     0.03
002163940      81.00     0.04
002163957      27.00     0.03
002163982      81.00     0.02
002164021       9.00     0.03
002164031       3.00     0.04
002164035      27.00     0.04
002164066     243.00     0.02
002164105      27.00     0.04
002164117      81.00     0.01
002164123       3.00     0.03
002164157       3.00     0.02
002164165      27.00     0.04
002164169      81.00     0.03
002164190       3.00     0.02
002164213       9.00     0.01
002164227       3.00     0.01
002164232      81.00     0.03
002164262      27.00     0.02
002164327      81.00     0.04
002164332       9.00     0.02
002164379      81.00     0.03
002164488       9.00     0.04
002164522      27.00     0.03
002164598       3.00     0.01
002164604       9.00     0.03
002164654     243.00     0.03
002164688      81.00     0.01
002164726      27.00     0.03
002164739      27.00     0.02
002164772      81.00     0.04
002164790      81.00     0.04
002164791      81.00     0.01
002164834       9.00     0.04
002164874     243.00     0.03
002164884     243.00     0.04
002164930       9.00     0.01
002164951       3.00     0.03
002164995     243.00     0.04
002165002       3.00     0.04
002165066      27.00     0.02
002165095     243.00     0.01
002165181       3.00     0.02
002165188       3.00     0.03
002165198      27.00     0.04
002165271      81.00     0.02
002165352      81.00     0.01
002165356       9.00     0.04
002165357       3.00     0.03
002165371      27.00     0.02
002165440     243.00     0.01
002165450       9.00     0.03
002165469       3.00     0.01
002165478      81.00     0.03
002165516     243.00     0.02
002165531       9.00     0.02
002165554     243.00     0.03
002165574      27.00     0.04
002165589       9.00     0.03
002165615     243.00     0.03
002165710       9.00     0.04
002165718     243.00     0.01
002165722       9.00     0.04
002165742      81.00     0.02
002165744     243.00     0.04
002165797       3.00     0.02
002165801      27.00     0.04
002165811     243.00     0.04
002165867      27.00     0.01
002165871       9.00     0.04
002165874      27.00     0.03
002165892       9.00     0.04
002165894      27.00     0.02
002165942      27.00     0.01
002165983       3.00     0.03
002166071      27.00     0.03
002166119      81.00     0.02
002166152       9.00     0.01
002166200       3.00     0.01
002166206       3.00     0.01
002166209      81.00     0.03
002166218       3.00     0.03
002166223     243.00     0.01
002166231       9.00     0.01
002166291      27.00     0.04
002166322       3.00     0.03
002166332      27.00     0.03
002166336      27.00     0.03
002166339       9.00     0.01
002166352      81.00     0.04
002166371       9.00     0.04
002166393      27.00     0.03
002166515      81.00     0.03
002166534       9.00     0.02
002166547      27.00     0.04
002166579       9.00     0.04
002166590     243.00     0.03
002166594       9.00     0.04
002166605      27.00     0.02
002166620       9.00     0.04
002166632     243.00     0.02
002166709     243.00     0.04
002166766     243.00     0.01
002166769      81.00     0.04
002166773      27.00     0.02
002166774     243.00     0.02
002166860       9.00     0.02
002166874      27.00     0.04
002166915     243.00     0.04
002166920       9.00     0.04
002166932       9.00     0.03
002166940       9.00     0.01
002166962      81.00     0.04
002166970     243.00     0.03
002166973       9.00     0.02
002167000      27.00     0.04
002167039     243.00     0.04
002167056      27.00     0.02
002167058     243.00     0.04
002167062       3.00     0.04
002167098       9.00     0.04
002167128       3.00     0.02
002167151       9.00     0.04
002167183      27.00     0.03
002167198      81.00     0.01
002167260      27.00     0.04
002167272       9.00     0.04
002167334       3.00     0.02
002167351     243.00     0.04
002167385     243.00     0.03
002167392      27.00     0.02
002167437      27.00     0.03
002167439       3.00     0.02
002167444     243.00     0.03
002167447      27.00     0.03
002167468      27.00     0.04
002167501       9.00     0.03
002167548      27.00     0.03
002167555       3.00     0.01
002167587      81.00     0.04
002167600       9.00     0.04
002167648     243.00     0.01
002167663      81.00     0.03
002167693       9.00     0.04
002167696     243.00     0.04
002167728      27.00     0.01
002167743     243.00     0.04
002167774       9.00     0.02
002167783       9.00     0.02
002167841       9.00     0.03
002167890       3.00     0.01
002167920       3.00     0.04
002167997       3.00     0.04
002168184       3.00     0.02
002168263      27.00     0.01
002168321       9.00     0.03
002168333      27.00     0.01
002168387       3.00     0.03
002168417       9.00     0.04
002168420       9.00     0.03
002168461       9.00     0.01
002168508     243.00     0.03
002168638      81.00     0.02
002168649     243.00     0.02
